[Common]
WindowSize = 1413,848
ViewPortSize = 7,20
[SceneCamera]
Type = kPerspective
Position = 39.6673,0.251073,-2.95475
Rotation = 0.197558,-0.226374,0.0469454,0.952639
Fov = 60
Aspect = 1.66277
Near = 0.01
Far = 2194.01
ControllerRotation = 23.4318,12213.3
[Scene]
Scene = WaterTest/default_scene.almap
