[Common]
WindowSize = 1667,938
ViewPortSize = 1082,578
[SceneCamera]
Type = kPerspective
Position = 3864.1,3340.15,-2532.72
Rotation = -0.267085,0.347052,-0.103799,-0.892999
Fov = 60
Aspect = 1.92043
Near = 70.84
Far = 28856.4
ControllerRotation = 12993.3,56477.5
[Scene]
Scene = NewScene/default_scene.almap