[Common]
WindowSize = 1640,938
ViewPortSize = 912,644
[SceneCamera]
Type = kPerspective
Position = -816.686,933.767,1694.13
Rotation = -0.0301007,-0.969897,0.16954,-0.172195
Fov = 60
Aspect = 1.46365
Near = 70.84
Far = 28856.4
ControllerRotation = 12619.8,37599.9[Scene]
Scene = NewScene/Palace/palace.almap