[Common]
WindowSize = 1622,916
ViewPortSize = 1069,579
[SceneCamera]
Type = kPerspective
Position = 7.25058,1.88779,2.43202
Rotation = 0.189393,-0.468863,0.10368,0.856474
Fov = 60
Aspect = 1.91547
Near = 1
Far = 5000
ControllerRotation = 12984.9,68342.6
[Scene]
Scene = NewScene/default_scene.almap