[Common]
WindowSize = 1789,1160
ViewPortSize = 1166,773
[SceneCamera]
Type = kPerspective
Position = 46.4049,4.16528,26.849
Rotation = 0.0934994,-0.827213,0.144608,0.534851
Fov = 60
Aspect = 1.5514
Near = 0.01
Far = 2194.01
ControllerRotation = 19.8318,12125.8
[Scene]
Scene = WaterTest/default_scene.almap
