[Common]
WindowSize = 1625,975
ViewPortSize = 1063,607
[SceneCamera]
Type = kPerspective
Position = -8.91035,6.31805,14.0388
Rotation = -0.0568131,-0.934701,0.174434,-0.304432
Fov = 60
Aspect = 1.81647
Near = 0.1
Far = 500
ControllerRotation = 21.1419,5543.92
[Scene]
Scene = WaterTest/default_scene.almap
