[Common]
WindowSize = 1640,938
ViewPortSize = 6,15
[SceneCamera]
Type = kPerspective
Position = -318.91,524.907,-46.0085
Rotation = 0.171458,0.627008,-0.144085,0.746125
Fov = 60
Aspect = 1.91116
Near = 70.84
Far = 28856.4
ControllerRotation = 12985.9,51200.1
[Scene]
Scene = NewScene/default_scene.almap