[Common]
WindowSize = 1640,938
ViewPortSize = 1055,589
[SceneCamera]
Type = kPerspective
Position = -318.91,524.907,-46.0085
Rotation = 0.171538,0.627102,-0.144197,0.746006
Fov = 60
Aspect = 1.83511
Near = 70.84
Far = 28856.4
ControllerRotation = 12985.9,51200.1
[Scene]
Scene = NewScene/default_scene.almap