[Common]
WindowSize = 1640,938
ViewPortSize = 1107,650
[SceneCamera]
Type = kPerspective
Position = 3035.64,1909.35,-1748.9
Rotation = -0.197964,0.418232,-0.093923,-0.881517
Fov = 60
Aspect = 1.7616
Near = 70.84
Far = 28856.4
ControllerRotation = 12265.3,52869.2
[Scene]
Scene = NewScene/default_scene.almap