[Common]
WindowSize = 2054,1111
ViewPortSize = 1356,746
[SceneCamera]
Type = kPerspective
Position = -2538.82,65.093,-123.489
Rotation = 0.239182,-0.349523,0.0927732,0.901121
Fov = 60
Aspect = 1.88039
Near = 39.2
Far = 44217.9
ControllerRotation = 12989.7,68357.6
[Scene]
Scene = NewScene/default_scene.almap