[Camera]
_aspect = 1.702403
_controller_rot = 23.760876,23027.127
_far = 13395.209961
_fov = 60.000000
_move_speed = 1.550000
_near = 1.000000
_position = 57.69771,257.17145,-583.58966
_rotation = 0.20457228,-0.10970725,0.023079822,0.9724104
[Scene]
_scene_path = WaterTest/default_scene.almap
[Window]
_viewport_size = 925,565
_window_size = 1565,865
