[Common]
WindowSize = 1382,768
ViewPortSize = 868,437
[SceneCamera]
Type = kPerspective
Position = 9.85866,8.64204,-8.42625
Rotation = -0.157915,0.348659,-0.0597217,-0.921918
Fov = 60
Aspect = 2.09201
Near = 1
Far = 500
ControllerRotation = 19.4397,1758.57
[Scene]
Scene = WaterTest/default_scene.almap
