[Common]
WindowSize = 1475,985
ViewPortSize = 919,650
[SceneCamera]
Type = kPerspective
Position = 33.7842,-3.4735,17.2356
Rotation = 0.0448028,-0.831838,0.0678814,0.549026
Fov = 60
Aspect = 1.46166
Near = 0.01
Far = 2194.01
ControllerRotation = 9.33046,7086.85
[Scene]
Scene = WaterTest/default_scene.almap
