[Common]
WindowSize = 1640,938
ViewPortSize = 1055,465
[SceneCamera]
Type = kPerspective
Position = 550.942,748.341,1010.47
Rotation = -0.0632168,0.928262,-0.185711,-0.315983
Fov = 60
Aspect = 2.35227
Near = 70.84
Far = 28856.4
ControllerRotation = 12982.6,52057.6
[Scene]
Scene = NewScene/default_scene.almap