[Common]
WindowSize = 1531,872
ViewPortSize = 995,564
[SceneCamera]
Type = kPerspective
Position = 11.4277,10.6433,7.75684
Rotation = -0.132143,0.785984,-0.180173,-0.576459
Fov = 60
Aspect = 1.83519
Near = 1
Far = 500
ControllerRotation = 25.822,18972.5
[Scene]
Scene = WaterTest/default_scene.almap
