[Common]
WindowSize = 1567,888
ViewPortSize = 999,542
[SceneCamera]
Type = kPerspective
Position = 2.64993,8.00817,-14.9206
Rotation = 0.161553,0.179106,-0.0298295,0.970016
Fov = 60
Aspect = 1.91715
Near = 0.44
Far = 313.04
ControllerRotation = 12978.9,90020.9
[Scene]
Scene = NewScene/default_scene.almap