[Common]
WindowSize = 1640,938
ViewPortSize = 6,15
[SceneCamera]
Type = kPerspective
Position = -1718.7,3585.29,3140.61
Rotation = 0.0560024,0.927016,-0.337383,0.153876
Fov = 60
Aspect = 1.46365
Near = 70.84
Far = 28856.4
ControllerRotation = 12640,39401.2
[Scene]
Scene = NewScene/default_scene.almap