[Common]
WindowSize = 1640,938
ViewPortSize = 1055,692
[SceneCamera]
Type = kPerspective
Position = 1261.21,851.152,-243.18
Rotation = -0.278142,0.38389,-0.122459,-0.871934
Fov = 60
Aspect = 1.57271
Near = 70.84
Far = 28856.4
ControllerRotation = 12275.4,52872.5
[Scene]
Scene = NewScene/default_scene.almap