[Common]
WindowSize = 2054,1111
ViewPortSize = 1356,744
[SceneCamera]
Type = kPerspective
Position = 1843.79,1031.31,545.162
Rotation = 0.0831681,-0.822428,0.12464,0.548781
Fov = 60
Aspect = 1.88039
Near = 95.07
Far = 5000
ControllerRotation = 12977.2,68287.4
[Scene]
Scene = NewScene/default_scene.almap