[Common]
WindowSize = 1640,938
ViewPortSize = 988,650
[SceneCamera]
Type = kPerspective
Position = -1083.87,1918.07,2488.37
Rotation = -0.0286068,-0.964738,0.233418,-0.118234
Fov = 60
Aspect = 1.52
Near = 70.84
Far = 28856.4
ControllerRotation = 12627.2,41926
[Scene]
Scene = NewScene/default_scene.almap