[Common]
WindowSize = 1587,848
ViewPortSize = 869,570
[SceneCamera]
Type = kPerspective
Position = -12.4259,1.12411,4.61092
Rotation = 0.056535,0.943223,-0.242178,0.22019
Fov = 60
Aspect = 1.58135
Near = 0.1
Far = 500
ControllerRotation = 28.7999,153.72
[Scene]
Scene = NewScene/default_scene.almap
