[Common]
WindowSize = 1667,938
ViewPortSize = 941,648
[SceneCamera]
Type = kPerspective
Position = 343.419,178.754,314.78
Rotation = -0.0425617,0.882318,-0.0813515,-0.461613
Fov = 60
Aspect = 1.68304
Near = 0.3
Far = 5000
ControllerRotation = 12970.5,57835.2
[Scene]
Scene = NewScene/default_scene.almap