[Common]
WindowSize = 1531,878
ViewPortSize = 834,549
[SceneCamera]
Type = kPerspective
Position = -9.45355,2.0733,-4.28289
Rotation = 0.108741,0.0505615,-0.00553819,0.992768
Fov = 60
Aspect = 1.58095
Near = 0.73
Far = 500
ControllerRotation = 12.5018,16565.8
[Scene]
Scene = WaterTest/default_scene.almap
