[Common]
WindowSize = 2560,1361
ViewPortSize = 1832,972
[SceneCamera]
Type = kPerspective
Position = 6.33329,2.68119,6.10548
Rotation = -0.00986407,0.972607,-0.0420016,-0.228417
Fov = 60
Aspect = 1.92827
Near = 1
Far = 604.12
ControllerRotation = 4.94551,25406.4
[Scene]
Scene = WaterTest/default_scene.almap
