[Common]
WindowSize = 1567,914
ViewPortSize = 992,568
[SceneCamera]
Type = kPerspective
Position = 54.6931,9.71282,23.0245
Rotation = 0.0918589,-0.78713,0.120953,0.597795
Fov = 60
Aspect = 1.81618
Near = 0.01
Far = 2194.01
ControllerRotation = 17.4718,14294.4
[Scene]
Scene = WaterTest/default_scene.almap
