[Common]
WindowSize = 1513,998
ViewPortSize = 972,655
[SceneCamera]
Type = kPerspective
Position = 27.4172,-4.41876,-5.00802
Rotation = 0.012204,-0.129792,0.00159762,0.991465
Fov = 60
Aspect = 1.53407
Near = 0.01
Far = 1188.88
ControllerRotation = 1.41044,6465.08
[Scene]
Scene = WaterTest/default_scene.almap
